On 1:
Decimal: 1631343 (24Bit) Binary: 000110001110010001101111 Tri-State: not applicable PulseLength: 315 microseconds Protocol: 1
Raw data: 9793,307,904,307,901,311,900,905,304,903,310,301,906,306,903,307,902,908,306,904,305,905,303,313,897,308,901,911,303,303,907,302,908,302,907,904,307,903,308,304,902,907,307,903,308,900,311,899,308,

Decimal: 1631343 (24Bit) Binary: 000110001110010001101111 Tri-State: not applicable PulseLength: 315 microseconds Protocol: 1
Raw data: 9798,304,906,302,905,301,910,901,308,904,306,305,905,303,907,304,904,905,309,899,313,896,311,303,909,301,908,903,308,300,912,296,911,305,905,904,309,900,308,302,910,898,312,898,312,899,312,896,311,

Decimal: 1631343 (24Bit) Binary: 000110001110010001101111 Tri-State: not applicable PulseLength: 316 microseconds Protocol: 1
Raw data: 9793,308,903,301,907,302,910,899,310,899,313,298,910,302,909,298,909,905,306,899,316,897,309,299,911,300,912,895,310,306,909,303,908,298,910,906,305,898,314,298,909,897,315,897,311,900,314,897,305,

Decimal: 1631343 (24Bit) Binary: 000110001110010001101111 Tri-State: not applicable PulseLength: 316 microseconds Protocol: 1
Raw data: 9797,299,910,307,914,299,909,899,313,896,313,297,912,303,908,302,908,901,306,901,311,897,313,302,910,295,917,898,311,300,907,301,911,300,909,897,315,899,311,298,914,897,311,900,310,897,312,902,307,
Off 1:
Decimal: 1631342 (24Bit) Binary: 000110001110010001101110 Tri-State: not applicable PulseLength: 316 microseconds Protocol: 1
Raw data: 9797,296,913,297,916,292,916,895,315,896,315,293,916,296,915,293,918,893,316,895,315,896,312,299,913,294,918,895,314,294,917,296,912,296,916,896,315,892,320,293,915,890,322,893,314,891,322,296,911,

Decimal: 1631342 (24Bit) Binary: 000110001110010001101110 Tri-State: not applicable PulseLength: 316 microseconds Protocol: 1
Raw data: 9800,298,910,299,913,297,911,896,313,896,318,298,911,295,915,294,915,897,315,892,319,895,314,295,916,295,915,894,317,293,914,297,918,293,914,893,319,895,315,295,917,892,315,896,314,894,318,296,911,

Decimal: 1631342 (24Bit) Binary: 000110001110010001101110 Tri-State: not applicable PulseLength: 316 microseconds Protocol: 1
Raw data: 9797,297,914,302,909,298,913,896,315,897,314,296,912,300,912,296,913,898,312,895,316,894,317,294,915,298,912,893,318,294,918,292,916,294,916,895,312,898,315,295,917,892,316,896,314,893,318,297,910,

Decimal: 1631342 (24Bit) Binary: 000110001110010001101110 Tri-State: not applicable PulseLength: 315 microseconds Protocol: 1
Raw data: 9795,303,910,302,903,306,905,902,308,899,313,300,911,299,910,302,907,902,312,901,308,900,311,299,911,299,911,904,308,300,909,302,910,297,912,899,312,908,303,299,910,900,309,897,316,897,315,298,909,

Decimal: 1631342 (24Bit) Binary: 000110001110010001101110 Tri-State: not applicable PulseLength: 316 microseconds Protocol: 1
Raw data: 9799,301,909,299,912,301,910,899,310,903,309,301,908,299,914,294,912,902,309,896,316,897,310,300,912,297,914,896,314,296,914,303,908,295,914,899,311,899,312,297,914,896,311,896,315,896,316,294,908,
On 2:
Decimal: 1631341 (24Bit) Binary: 000110001110010001101101 Tri-State: not applicable PulseLength: 316 microseconds Protocol: 1
Raw data: 9799,302,909,299,908,301,909,899,312,899,310,297,914,297,912,301,909,902,304,900,315,896,316,296,912,296,915,897,313,293,915,298,916,295,912,896,314,896,315,297,914,902,306,896,317,294,915,895,312,

Decimal: 1631341 (24Bit) Binary: 000110001110010001101101 Tri-State: not applicable PulseLength: 316 microseconds Protocol: 1
Raw data: 9794,300,910,301,911,298,909,899,314,897,314,297,909,303,911,295,912,896,315,893,316,896,315,296,911,305,907,900,310,296,913,299,914,296,913,895,316,895,315,299,909,895,316,892,316,298,915,893,310,

Decimal: 1631341 (24Bit) Binary: 000110001110010001101101 Tri-State: not applicable PulseLength: 316 microseconds Protocol: 1
Raw data: 9806,290,921,293,922,291,920,887,323,889,323,286,916,295,916,295,919,889,322,887,324,888,323,287,923,288,920,888,320,287,925,286,923,288,919,891,321,890,318,294,920,887,324,889,320,287,923,887,318,

Decimal: 1631341 (24Bit) Binary: 000110001110010001101101 Tri-State: not applicable PulseLength: 316 microseconds Protocol: 1
Raw data: 9802,294,914,299,916,293,916,893,316,898,317,293,914,292,919,293,914,894,318,895,314,891,321,293,918,292,917,890,319,293,921,291,917,295,915,893,317,891,320,291,919,889,319,891,320,292,919,891,316,

Off 2:
Decimal: 1631340 (24Bit) Binary: 000110001110010001101100 Tri-State: not applicable PulseLength: 315 microseconds Protocol: 1
Raw data: 9795,310,899,306,905,304,905,899,311,899,314,301,909,305,904,304,906,900,310,898,311,903,310,299,912,297,911,903,308,299,909,304,908,299,910,898,311,897,313,301,911,898,311,897,313,302,909,300,907,

Decimal: 1631340 (24Bit) Binary: 000110001110010001101100 Tri-State: not applicable PulseLength: 316 microseconds Protocol: 1
Raw data: 9796,297,910,298,913,300,909,897,313,898,311,304,910,297,910,301,908,900,311,901,310,897,315,297,912,297,914,898,311,303,902,304,910,304,905,901,311,897,315,296,910,900,313,901,309,297,912,298,909,

Decimal: 1631340 (24Bit) Binary: 000110001110010001101100 Tri-State: not applicable PulseLength: 316 microseconds Protocol: 1
Raw data: 9796,305,899,302,907,303,906,900,311,903,306,300,912,300,909,303,908,901,311,894,316,893,313,299,913,302,908,898,313,310,897,303,911,302,906,902,308,899,313,298,910,899,313,908,303,299,912,300,905,

Decimal: 1631340 (24Bit) Binary: 000110001110010001101100 Tri-State: not applicable PulseLength: 316 microseconds Protocol: 1
Raw data: 9796,303,909,301,909,302,909,899,307,904,309,302,907,304,907,302,909,900,310,899,311,897,312,298,911,297,913,900,309,301,912,303,902,301,911,904,308,898,313,298,912,898,313,897,312,300,908,300,907,

Decimal: 1631340 (24Bit) Binary: 000110001110010001101100 Tri-State: not applicable PulseLength: 315 microseconds Protocol: 1
Raw data: 9794,302,906,300,908,301,910,900,307,904,309,303,905,299,908,307,909,896,312,900,310,900,310,300,910,299,913,903,303,301,911,300,912,301,911,899,311,897,312,299,910,899,312,899,309,300,911,297,912,

On 3:
Decimal: 1631339 (24Bit) Binary: 000110001110010001101011 Tri-State: not applicable PulseLength: 315 microseconds Protocol: 1
Raw data: 9787,306,903,310,902,308,900,905,307,901,308,309,900,310,901,308,901,914,296,904,307,908,303,308,904,301,904,907,304,308,902,305,906,308,904,902,308,904,306,304,903,905,303,308,906,904,307,900,304,

Decimal: 1631339 (24Bit) Binary: 000110001110010001101011 Tri-State: not applicable PulseLength: 315 microseconds Protocol: 1
Raw data: 9794,305,906,302,911,308,903,898,309,904,308,305,906,301,908,305,906,901,308,902,309,902,306,305,907,302,908,898,312,302,910,299,909,306,904,902,310,896,310,304,911,898,310,302,909,900,310,898,308,

Decimal: 1631339 (24Bit) Binary: 000110001110010001101011 Tri-State: not applicable PulseLength: 315 microseconds Protocol: 1
Raw data: 9790,315,896,308,899,312,901,908,296,913,304,306,904,305,903,309,902,907,304,905,306,902,307,304,908,305,903,908,300,311,903,306,903,304,907,903,304,903,311,302,903,907,306,303,907,902,307,904,306,

Decimal: 1631339 (24Bit) Binary: 000110001110010001101011 Tri-State: not applicable PulseLength: 315 microseconds Protocol: 1
Raw data: 9795,302,907,307,907,304,907,902,308,902,307,305,907,303,907,302,908,904,307,896,312,901,309,301,910,299,910,902,311,299,909,303,910,300,909,900,308,900,311,304,906,903,308,305,906,901,310,898,307,

Off 3:
Decimal: 1631338 (24Bit) Binary: 000110001110010001101010 Tri-State: not applicable PulseLength: 315 microseconds Protocol: 1
Raw data: 9793,303,905,303,907,303,906,906,308,903,303,305,910,304,903,305,907,902,306,903,308,903,310,297,912,298,911,900,310,301,910,301,912,297,907,905,307,902,310,301,907,903,308,300,912,899,308,307,901,

Decimal: 1631338 (24Bit) Binary: 000110001110010001101010 Tri-State: not applicable PulseLength: 315 microseconds Protocol: 1
Raw data: 9796,303,905,304,905,303,909,907,302,899,312,299,910,303,908,299,908,906,307,900,311,895,315,298,912,300,909,903,309,296,912,302,909,298,914,896,315,897,313,297,912,900,311,295,914,898,312,299,909,

Decimal: 1631338 (24Bit) Binary: 000110001110010001101010 Tri-State: not applicable PulseLength: 315 microseconds Protocol: 1
Raw data: 9792,306,902,313,899,310,903,902,301,907,309,306,903,305,907,308,900,904,304,908,304,906,305,306,903,306,902,904,305,307,907,302,908,304,906,900,309,904,306,306,904,904,306,305,906,903,308,300,907,

Decimal: 1631338 (24Bit) Binary: 000110001110010001101010 Tri-State: not applicable PulseLength: 315 microseconds Protocol: 1
Raw data: 9789,304,908,304,905,303,906,904,308,900,311,300,908,303,909,303,907,899,311,899,309,897,314,301,910,301,907,903,308,303,909,296,914,304,907,900,307,902,309,302,908,900,311,301,906,899,316,295,911,

On 4:
Decimal: 1631335 (24Bit) Binary: 000110001110010001100111 Tri-State: not applicable PulseLength: 316 microseconds Protocol: 1
Raw data: 9803,296,913,295,916,295,916,891,316,897,318,291,920,290,916,297,915,891,318,891,320,892,320,293,917,288,919,892,323,289,922,291,917,288,920,891,320,887,323,289,920,293,918,893,314,890,321,889,320,

Decimal: 1631335 (24Bit) Binary: 000110001110010001100111 Tri-State: not applicable PulseLength: 316 microseconds Protocol: 1
Raw data: 9797,298,911,300,912,298,911,897,313,895,318,294,915,297,911,297,916,896,313,895,315,892,319,292,918,290,920,892,319,290,921,294,912,298,911,892,316,894,322,291,917,294,915,894,318,894,313,896,312,

Decimal: 1631335 (24Bit) Binary: 000110001110010001100111 Tri-State: not applicable PulseLength: 316 microseconds Protocol: 1
Raw data: 9803,295,917,295,917,297,911,897,317,892,315,295,915,296,917,295,915,892,317,892,318,893,317,296,913,298,914,890,320,291,920,294,916,294,915,894,318,889,321,293,914,295,915,895,317,894,316,890,317,

Decimal: 1631335 (24Bit) Binary: 000110001110010001100111 Tri-State: not applicable PulseLength: 316 microseconds Protocol: 1
Raw data: 9797,299,911,300,913,301,910,896,314,896,316,294,917,296,913,297,916,890,318,894,317,894,311,300,914,293,917,893,317,296,915,296,913,298,912,899,311,896,313,300,912,298,912,895,317,892,319,894,311,

Off 4:
Decimal: 1631334 (24Bit) Binary: 000110001110010001100110 Tri-State: not applicable PulseLength: 316 microseconds Protocol: 1
Raw data: 9798,302,908,298,915,297,912,895,314,898,311,300,913,294,914,296,914,898,311,898,313,896,313,298,912,298,911,898,316,297,912,295,913,297,914,898,313,894,313,295,916,298,912,903,305,902,313,294,912,

Decimal: 1631334 (24Bit) Binary: 000110001110010001100110 Tri-State: not applicable PulseLength: 316 microseconds Protocol: 1
Raw data: 9795,302,905,303,913,299,912,899,310,896,313,300,911,301,907,301,908,901,313,896,313,894,316,299,912,293,912,901,313,294,914,298,913,296,911,901,313,892,316,299,910,298,911,898,314,896,315,294,909,

Decimal: 1631334 (24Bit) Binary: 000110001110010001100110 Tri-State: not applicable PulseLength: 315 microseconds Protocol: 1
Raw data: 9795,306,905,300,907,302,908,896,313,901,308,302,910,300,911,295,912,900,310,901,310,898,312,295,914,299,909,900,312,297,914,294,914,298,912,893,315,895,313,301,912,296,912,900,310,899,309,302,905,

Decimal: 1631334 (24Bit) Binary: 000110001110010001100110 Tri-State: not applicable PulseLength: 316 microseconds Protocol: 1
Raw data: 9790,297,910,304,907,303,906,902,308,901,309,303,907,301,908,302,907,903,308,897,313,900,310,302,907,298,910,901,309,303,910,299,907,302,912,893,314,901,309,300,909,305,908,894,315,897,313,297,910,

Decimal: 1631334 (24Bit) Binary: 000110001110010001100110 Tri-State: not applicable PulseLength: 315 microseconds Protocol: 1
Raw data: 9799,305,902,305,908,301,912,899,308,903,307,299,914,297,912,300,909,898,313,898,314,892,313,301,914,298,909,899,313,296,914,296,912,301,909,905,303,899,314,303,906,300,911,901,311,893,314,299,908,

On All:
Decimal: 1631330 (24Bit) Binary: 000110001110010001100010 Tri-State: not applicable PulseLength: 315 microseconds Protocol: 1
Raw data: 9791,310,903,305,902,305,901,905,307,903,307,302,908,305,906,306,902,906,307,899,310,902,308,299,912,306,901,901,310,303,910,302,908,303,908,901,307,902,310,303,907,300,912,300,907,901,310,304,902,

Decimal: 1631330 (24Bit) Binary: 000110001110010001100010 Tri-State: not applicable PulseLength: 316 microseconds Protocol: 1
Raw data: 9806,296,911,298,912,297,916,894,317,891,320,289,917,297,915,293,916,896,316,892,320,888,321,293,917,295,916,887,321,293,920,294,915,294,918,891,321,889,318,292,919,291,919,293,917,894,318,294,913,

Decimal: 1631330 (24Bit) Binary: 000110001110010001100010 Tri-State: not applicable PulseLength: 316 microseconds Protocol: 1
Raw data: 9799,302,908,303,911,298,913,897,314,895,315,295,915,293,917,297,916,894,314,900,311,895,314,299,912,293,917,897,316,293,916,293,915,297,913,897,314,899,313,297,910,297,916,297,908,899,316,295,912,

Decimal: 1631330 (24Bit) Binary: 000110001110010001100010 Tri-State: not applicable PulseLength: 316 microseconds Protocol: 1
Raw data: 9796,303,906,307,911,301,908,900,311,901,309,300,910,301,908,301,910,898,311,901,311,899,314,299,910,296,913,899,312,298,911,300,909,303,909,902,306,901,308,304,911,297,912,299,909,899,314,299,906,

Off All:
Decimal: 1631329 (24Bit) Binary: 000110001110010001100001 Tri-State: not applicable PulseLength: 315 microseconds Protocol: 1
Raw data: 9793,302,910,304,908,306,904,902,308,901,310,304,905,304,906,303,906,905,306,904,307,904,307,305,905,303,906,903,306,303,908,302,908,305,906,900,311,900,308,302,910,302,907,304,906,303,907,899,307,

Decimal: 1631329 (24Bit) Binary: 000110001110010001100001 Tri-State: not applicable PulseLength: 315 microseconds Protocol: 1
Raw data: 9793,303,906,302,907,302,906,903,309,902,306,302,907,303,910,302,907,901,307,904,305,905,306,302,908,304,906,900,310,302,906,303,906,306,905,900,313,897,310,301,911,299,910,300,910,301,909,899,307,

Decimal: 1631329 (24Bit) Binary: 000110001110010001100001 Tri-State: not applicable PulseLength: 315 microseconds Protocol: 1
Raw data: 9792,302,909,302,908,301,908,902,309,902,307,301,909,302,908,302,908,901,309,898,313,900,309,300,910,303,906,899,311,300,909,301,911,301,906,902,308,899,311,300,911,301,908,302,909,300,908,899,308,

Decimal: 1631329 (24Bit) Binary: 000110001110010001100001 Tri-State: not applicable PulseLength: 315 microseconds Protocol: 1
Raw data: 9796,303,906,304,909,303,905,903,308,904,305,302,909,301,908,302,909,902,308,900,309,905,307,299,910,301,909,901,308,301,910,300,910,304,905,902,307,902,309,301,910,304,907,300,910,302,904,902,305,



